[Test]
Save=0
Date=25/07/2025
Time=12:36:17
[SysStat]
FrameCount=1
CurrentRPM=0.000000
SysStatusString=
RunningState=0
SysRecPercentage=0.000000
sSysPlyPercentage=0.000000
AcptRjctStat=0
Overlap=100.000000
SaveNumber=0
MsmtTime=18.3447
[InputChans]
Indicator[0]=0.038022
Range[0]=1.000000
TrigLevel[0]=0.022500
Clip[0]=0
Indicator[1]=0.118576
Range[1]=1.000000
TrigLevel[1]=0.250000
Clip[1]=0
[OutputChans]
Frequency[0]=200.000000
Level[0]=0.707000
